Enter device pathlist /dd@
----- ----------/dd@---------19C000-  168755------------------000000- S.I.R. -
Cmd:    Device {    }  Size {      ,        }  Sector number {      ,        }
------------------------------------------------------------------------------
Addr    0  1  2  3  4  5  6  7  8  9  A  B  C  D  E  F        0 2 4 6 8 A C E
----   19 C0 00 20 CE 00 00 04 00 00 CF 00 00 BF 00 00        .@. N.....O..?..
 00    00 00 00 00 00 00 00 00 00 00 7E 09 1A 07 2E 4F        ..........~....O
 10    53 4B 2D 46 72 65 65 77 61 72 E5 00 00 00 00 00        SK-Freeware.....
 20    00 00 00 00 00 00 00 00 00 00 00 00 00 00 00 00        ................
 30    00 00 00 00 00 00 00 00 00 00 00 00 00 00 00 00        ................
 40    00 00 00 00 00 00 00 00 00 00 00 00 00 00 00 00        ................
 50    43 72 75 7A 00 00 00 01 01 00 00 01 00 00 00 00        Cruz............
 60    00 00 00 00 00 00 00 00 00 00 00 00 00 00 00 00        ................
 70    00 00 00 00 00 00 00 00 00 00 00 00 00 00 00 00        ................
 80    00 00 00 00 00 00 00 00 00 00 00 00 00 00 00 00        ................
 90    00 00 00 00 00 00 00 00 00 00 00 00 00 00 00 00        ................
 A0    00 00 00 00 00 00 00 00 00 00 00 00 00 00 00 00        ................
 B0    00 00 00 00 00 00 00 00 00 00 00 00 00 00 00 00        ................
 C0    00 00 00 00 00 00 00 00 00 00 00 00 00 00 00 00        ................
 D0    00 00 00 00 00 00 00 00 00 00 00 00 00 00 00 00        ................
 E0    00 00 00 00 00 00 00 00 00 00 00 00 00 00 00 00        ................
 F0
 D - Drive  E - Edit  F - File desc  L - Enter LSN  M - Map sect  S - SIR info
<up arw> -prev sec   <dw arw> -next sec   <rt arw> -SIR   <lft arw> -last sec
