 00000000000000000000000000001100  01110011 00111001  s9
 00000000000000000000000000001110  01100101 01111000  ex
 00000000000000000000000000010000  01100101 01100011  ec
 00000000000000000000000000010010  00100000 00101101   -
 00000000000000000000000000010100  00101101 00100000  -
 00000000000000000000000000010110  01001111 01010011  OS
 00000000000000000000000000011000  00101101 00111001  -9
 00000000000000000000000000011010  00101111 00110110  /6
 00000000000000000000000000011100  00111000 01101011  8k
 00000000000000000000000000011110  00100000 01100101   e

   Binary Offset                      00       01     01
 --------------------------------  -------- --------  --
 00000000000000000000000000100000  01101101 01110101  mu
 00000000000000000000000000100010  01101100 01100001  la
 00000000000000000000000000100100  01110100 01101111  to
 00000000000000000000000000100110  01110010 00001101  r.
