0630:00  146  81  326   99     -26  37238  37157   34    75  123  B
0640:00  151  82  331   98      11  37247  37190   35    76  127  B
0727:05   49  80  229  100      -2  37277  37191   35    88  128  B     Apogee
0650:00  157  84  337   96      49  37210  37172   36    77  131  B
0700:00  167  85  347   95      87  37126  37101   37    79  134  B
0710:00    4  87  184   93     126  36995  36977   38    80  138  B
0720:00   32  87  212   93     165  36815  36802   39    81  142  B
0730:00   67  87  247   93     205  36588  36573   39    83  146  B
0740:00   92  86  272   94     245  36311  36291   40    84  149  B
0750:00  106  85  286   95     286  35983  35955   41    85  153  B
0800:00  114  84  294   96     328  35605  35565   42    86  157  B
0810:00  120  83  300   97     371  35173  35119   43    87  161  B
0820:00  125  81  305   99     415  34688  34617   44    88  164  B
0830:00  129  80  309  100     461  34148  34058   45    89  168  JL
0840:00  132  79  312  101     508  33551  33440   46    90  172  JL
0850:00  135  78  315  102     556  32896  32763   47    91  175  JL
0900:00  138  77  318  103     606  32179  32024   48    91  179  JL
0910:00  141  76  321  104     658  31400  31223   49    91  183  JL
0920:00  144  75  324  105     711  30556  30356   50    91  187  JL
0930:00  148  74  328  106     768  29645  29422   51    91  190  JL
0940:00  151  73  331  107     826  28662  28418   52    91  194  JL
0950:00  154  72  334  108     887  27606  27342   53    90  198  S
1000:00  158  71  338  109     951  26473  26190   54    89  202  BS
1010:00  163  71  343  109    1018  25259  24958   55    88  205  B
1020:00  168  70  348  110    1087  23961  23644   56    86  209  B
1030:00  173  69  353  111    1159  22576  22242   56    83  213  B
1040:00   00  69  180  111    1234  21100  20748   57    80  216  B
1050:00    8  68  188  112    1309  19532  19155   57    76  220  B
1100:00   17  66  197  114    1380  17873  17459   57    71  224  B
1110:00   28  64  208  116    1442  16130  15654   56   245  228  B
1120:00   39  61  219  119    1479  14325  13734   54   238  231  B
1130:00   52  55  232  125    1456  12506  11699   51   230  235  B
1140:00   64  45  244  135    1303  10786   9554   47   221  239  B
1150:00   76  29  256  151     880   9402   7327   39   212  243  B
1200:00   87   7  267  173      44   8789   5100   27   202  246  B
