   111 ->    111        20
   117 ->    118        20
   124 ->    124        20
   130 ->    131        20
   137 ->    137        20
   143 ->    143        20
   150 ->    151        20
   156 ->    157        20
   163 ->    163        20
   170 ->    170        20
   176 ->    176        20
   183 ->    183        20
   189 ->    189        20
   196 ->    196        20
   202 ->    203        20
   209 ->    209        20
   215 ->    215        20
   222 ->    222        20
   228 ->    228        20
   235 ->    236        20
   241 ->    242        20
   248 ->    248        20
   255 ->    255        20
