$ sqrtx
    2 1.41421   2.00000000000000000   4.44e-16
    3 1.73205   3.00000000000000000   4.44e-16
    5 2.23607   5.00000000000000100  -8.88e-16
    6 2.44949   5.99999999999999900   8.88e-16
    7 2.64575   7.00000000000000100  -8.88e-16
    8 2.82843   7.99999999999999800   1.78e-15
   10 3.16228   9.99999999999999800   1.78e-15
   12 3.46410  12.00000000000000000   1.78e-15
   13 3.60555  13.00000000000000000  -1.78e-15
   15 3.87298  15.00000000000000000  -1.78e-15
   18 4.24264  18.00000000000000000  -3.55e-15
   19 4.35890  19.00000000000000000   3.55e-15
   20 4.47214  20.00000000000000000  -3.55e-15
   23 4.79583  23.00000000000000000   3.55e-15
   24 4.89898  24.00000000000000000   3.55e-15
