uuexpand < tmp/ENC/j.uue
1011000001000110101001101110011010010110011101100000010001101100
0010110000101100000001001111010000100110001001101111010000101110
1011011000001110111101001010001001110010110000101111010001010110
0111010000101110000111100010111010110000110000101010110011100100
1011110010000010001111000100101010000100010000100011110001100010
1010001000110010110111000110010010100010111000101101010001000100
1000010010000010110111000110001000001100000000101011110001100100
1000001010100010000101001110010010110100001100100101110011101100
1000110000010010011111000100110010000100001010101101110011101010
1001110010100010001111000000101000101010000011001111001010110000
0000011000000110101100001010011001110110001001101011000011001110
10010110010111101010011000000100110011001010110010110000
